**********        EVALUATION REPORT     **********
Classifier: SVM
Dimensionality reduction: tSNE, with 3 principal components.
Method to make training data positive: None
Training best score : 0.9779989523310634
Accuracy: 0.7634069400630915
Precision: 0.5827901561364925
Recall: 0.7634069400630915
F-score: 0.6609820375501544

Confusion matrix: 
[[  0 150]
 [  0 484]]

Classification report: 
             precision    recall  f1-score   support

          A       0.00      0.00      0.00       150
          I       0.76      1.00      0.87       484

avg / total       0.58      0.76      0.66       634

Best parameters: 
	C: 63.051073126340803
	cache_size: 200
	class_weight: None
	coef0: 0.0
	decision_function_shape: 'ovr'
	degree: 3
	gamma: 'auto'
	kernel: 'linear'
	max_iter: -1
	probability: False
	random_state: None
	shrinking: True
	tol: 0.001
	verbose: False
Number of support vectors per class: 
[42 45]
Support vectors: 
[[  47.62454605  -13.99612999   55.22137833]
 [ -79.77606964  -38.67042542   37.78248215]
 [ -36.60069275   61.34752274   10.95641994]
 [  41.11262131  -25.33485222   59.52967072]
 [  57.7824707     7.13142204  -17.19638634]
 [ -59.36845779  -71.24169922   16.44299698]
 [  -3.33519983   96.32984161  -13.24131107]
 [ -11.78914547  114.04285431   -1.48006213]
 [ -78.53686523  -47.72278595   31.34720039]
 [  68.57283783   -4.89882231   68.48751831]
 [ -53.68756485  -30.13357925   37.77586746]
 [ -24.40353394  -79.37640381   15.86947918]
 [  29.40241432  -19.45444679   51.07683945]
 [ -19.7595253    35.22352982  -61.55471039]
 [   0.91565204   15.19377422   49.85973358]
 [   1.7543565    32.94425583   65.83760071]
 [ -76.97741699  -84.54536438    8.96925735]
 [ -63.2408638   -63.46485138   31.3212471 ]
 [ -15.48284817   69.20345306   67.74203491]
 [  -0.86415398   22.60186958 -108.18933105]
 [  19.6692524   -51.36762619   99.15630341]
 [  30.32987595   51.24419403  -96.09545135]
 [ -65.55762482  -37.80245972   47.38277054]
 [ -76.10487366  -40.66998672   26.77043915]
 [ -48.45652771  -48.49250031   14.7271986 ]
 [ -60.99291611  -78.11908722   11.23197937]
 [ -85.67333221  -68.04589844   14.84077072]
 [ -29.16674042   78.27558899  -11.7941885 ]
 [  -2.46858168  -88.87908173   21.79278755]
 [ -28.49176979  -72.04115295    0.16538122]
 [ -51.95448685  -90.58753204   19.0769558 ]
 [ -20.21328926  -86.94493866   18.74516296]
 [ -26.86816406   77.72894287   74.64150238]
 [ -73.42298126  -47.9412117    38.80844879]
 [ -64.23295593  -30.15746689   25.55291557]
 [  -7.62914753  -93.82003784   13.10485744]
 [  81.42758942  -76.57254028    4.92856884]
 [   3.40481114 -118.5919342    -5.48082352]
 [ -20.37718773   15.92333031 -105.60800171]
 [   5.08188772  -93.88059235   20.96974564]
 [ -38.36240387  -37.29764175   33.02640152]
 [ -10.8967104   -91.2816925    27.66365433]
 [ -12.36769199  -66.65572357   40.41442108]
 [  26.29101753  -91.37825775   51.97772217]
 [  42.77433777  -50.47442627   60.08782959]
 [  53.54285431   73.5486908    -3.31275487]
 [ -22.80870628  -60.35673141   11.74866581]
 [ -79.87995911  -66.01332092   32.97849274]
 [ -38.94908905  -32.15102768   47.45997238]
 [ -36.34415817  -67.677742     23.42109108]
 [ -14.16104031  110.84080505  -33.14051056]
 [   2.96956563  -29.89510536   91.04063416]
 [ -98.94541931  -31.42884254   26.20112419]
 [ -24.52206993   93.03643799   -6.72536469]
 [ -54.62043381  -92.65726471   38.10404968]
 [  75.02015686  -54.42623138  -63.07734299]
 [ -29.30674171   88.59783936   44.19917679]
 [ -35.25960159  -90.56111908   11.12662792]
 [ -62.39614105  -48.91392136   21.60518074]
 [  -8.55709553   76.99906158  -13.52460098]
 [ -72.69456482  -10.91431141   83.93360138]
 [  69.89061737   51.66036606  -42.15835571]
 [ -79.90782166  -24.79252815   71.93331146]
 [  80.86852264   26.59179306   37.10349655]
 [  57.57674789  -94.77994537  -20.73077774]
 [ -36.2671051   -23.54643059   38.96867752]
 [ -71.92350769  -58.66452408   14.01108456]
 [ -28.46491814   68.70967102  -85.86077118]
 [  34.25141525  -82.99684906  -20.5124054 ]
 [ -53.58960724   77.46381378   -4.63475418]
 [ -84.53012848   69.76222229  -21.0967598 ]
 [-106.92945099    5.08469582   20.31200981]
 [ -24.44413376 -104.99701691  -24.39316559]
 [ -39.02149582  -74.30922699   45.61291504]
 [ -61.71220398  -63.78292847   70.29563141]
 [  -5.36094999  -73.38994598   48.52197647]
 [  32.00770187   89.98878479  -58.87874985]
 [ -20.42926025  -79.43875122   69.02696991]
 [ -28.03338051 -103.02305603   24.82412338]
 [ -17.50759315   76.69343567  -60.82253647]
 [  13.83850193  -61.6435585    83.35801697]
 [ -81.44217682  -37.29494476   58.16704178]
 [  19.89779282  -79.94380951    8.17163754]
 [  -1.32614017   90.14118195    3.72208047]
 [ -48.9738884   -62.82646942  -43.26974869]
 [  19.96791267  -74.69163513  -22.62517929]
 [  38.33184433  -93.73621368   -7.86978388]]
