**********        EVALUATION REPORT     **********
Classifier: SVM
Dimensionality reduction: PCA, with 10 principal components.
Method to make training data positive: None
Training best score : 0.9853315298059234
Accuracy: 0.5252365930599369
Precision: 0.5367291673027
Recall: 0.5252365930599369
F-score: 0.5309042051544648

Confusion matrix: 
[[  5 145]
 [156 328]]

Classification report: 
              precision    recall  f1-score   support

           A       0.03      0.03      0.03       150
           I       0.69      0.68      0.69       484

    accuracy                           0.53       634
   macro avg       0.36      0.36      0.36       634
weighted avg       0.54      0.53      0.53       634

Best parameters: 
	C: 582.6287307347438
	break_ties: False
	cache_size: 200
	class_weight: None
	coef0: 0.0
	decision_function_shape: 'ovr'
	degree: 3
	gamma: 'scale'
	kernel: 'linear'
	max_iter: -1
	probability: False
	random_state: None
	shrinking: True
	tol: 0.001
	verbose: False
Number of support vectors per class: 
[29 34]
Support vectors: 
[[ 1.09174387e+01 -9.13124285e+00  7.59759606e+00  1.42766257e+01
  -4.65786598e+00  4.30850191e+00  8.50362473e+00  3.29931147e-01
   7.75401775e+00 -3.73640262e+00]
 [-1.70868442e+00  3.13057980e-01 -6.17788503e-01 -3.61964556e+00
  -2.48495082e+00 -1.15931828e+00  9.67456293e-02 -2.10206966e+00
  -7.52094513e-01  4.64776296e-01]
 [ 1.81610274e+01 -1.57870158e+01  1.28154512e+01  1.44181580e+01
  -7.69791699e+00  8.25491664e+00  7.52233354e+00 -2.40084681e+00
   1.23528718e+01 -1.39920842e+00]
 [ 1.48128076e+01 -5.04522677e-01 -6.98650813e+00  5.37004543e+00
  -1.86881031e+00  4.36404764e+00 -5.74191778e+00  6.48949319e+00
  -7.59561232e-01  8.69101378e-01]
 [ 1.11927381e+01  1.39800620e+01  2.84962440e+00  3.14144699e+00
   4.02617729e+00 -2.60703678e+00  4.15864998e+00 -3.78918586e+00
   1.81380960e+00 -2.83956503e+00]
 [ 6.29759136e+00  1.47776651e+01  2.18601431e-01  1.32066886e+00
   3.25996847e+00 -3.41188919e+00  4.03301858e+00  8.41776467e-01
   7.26138776e-01 -5.50089399e+00]
 [ 1.04241972e+01  1.47585489e+01  1.36928195e+00  5.24624466e+00
  -3.88585933e-01 -2.43130366e+00 -1.45384244e+00 -1.48772963e+00
  -5.91851281e+00  3.32297387e+00]
 [ 7.11176264e+00  4.97585355e+00  9.78842729e+00 -1.06427840e+01
  -5.63523770e+00 -4.02510468e+00 -6.94817306e+00 -1.55957997e+00
  -1.50748562e+00 -3.37233476e+00]
 [ 1.64383477e+01 -1.17415414e+01  1.08987419e+01  1.33111596e+01
  -2.54725639e+00  6.11744832e+00  6.08477103e+00 -6.20942494e-01
   8.86061946e+00 -6.48182637e-01]
 [ 6.91504419e-01 -1.20246905e+00 -2.71344226e+00  3.57092272e+00
  -4.35280501e+00  7.53695954e-01 -6.49379230e-01  3.90355428e+00
   9.79805575e-01  1.71979315e+00]
 [-4.39380822e+00  1.07104563e+00  7.41369520e-01 -5.55215517e-01
   1.18578868e+00 -8.54059558e-01 -1.36589868e-01  1.23888294e-01
  -4.00851650e-01 -2.06378139e-01]
 [ 1.05527948e+01  1.89965710e+01  1.95863872e+00  1.87451035e+00
   2.54196046e+00 -1.22752154e+00  5.22374272e+00 -4.75670148e+00
  -3.05951125e-02 -2.26785047e+00]
 [ 1.12934212e+01  2.53505531e+01  3.49465538e+00  1.33087256e+01
  -1.42599305e-01 -6.36974421e+00 -1.60724913e+01 -2.52589553e+01
   3.79898758e+01  6.60080515e+01]
 [-3.85705442e+00  1.88607866e+00  9.34886055e-01 -1.18037789e+00
   9.70930959e-01 -1.42582205e+00  3.14706073e-01 -7.31799382e-01
   8.41034972e-02 -4.60205525e-01]
 [ 1.65845095e+01  2.22900106e+01 -4.14962298e+00  5.24636988e+00
   2.50298324e+00 -6.41895814e+00  4.07892925e-01 -6.03935320e+00
   1.79540575e+00 -2.52687063e+00]
 [-4.39380822e+00  1.07104563e+00  7.41369520e-01 -5.55215517e-01
   1.18578868e+00 -8.54059558e-01 -1.36589868e-01  1.23888294e-01
  -4.00851650e-01 -2.06378139e-01]
 [-8.63436869e-01  2.84702887e+00  3.88818452e+00 -3.53786919e+00
  -5.94321331e-01 -2.52444767e+00  6.25098178e-01 -1.11736332e+00
   9.28625977e-02 -1.11255601e+00]
 [ 1.04213828e+01  1.99585084e+01  2.66540044e+00  1.40604836e+00
   2.81397975e+00 -3.07471995e-01  4.66640568e+00 -4.59490919e+00
   9.92625966e-02 -2.97107263e+00]
 [ 1.85137585e+01  2.24843544e+00  3.97618427e+00 -7.90647662e+00
  -1.15841330e+01 -1.31834912e+01  8.54152533e+00 -4.67023127e-01
  -2.93539500e+00 -1.01592668e+01]
 [-3.42138913e+00 -4.15528321e-03  2.05253108e+00 -1.06539760e-01
   1.52977354e+00 -3.29865274e-01  6.59171099e-01 -1.17612825e+00
  -9.16445082e-01  6.23567990e-01]
 [ 5.14217447e+01  3.76206171e+01 -9.27011792e+00  2.98626466e+01
   1.81345719e+01 -1.25146637e+01 -7.70252636e+00  1.35613974e+01
  -2.24014437e+01 -1.37438205e+01]
 [ 1.24433689e+01  1.52307390e+01  6.47004559e+00 -1.09104732e+01
  -6.63899834e-01 -1.11023397e+01  5.70780482e+00 -5.68249801e+00
   7.10670492e+00 -8.95183287e+00]
 [ 3.75122405e+01  3.75126335e+01 -1.18448183e+01  1.11433011e+01
   1.78005908e+01 -1.81625679e+01 -2.41651825e+00 -1.46890275e+01
   1.33688359e+01 -7.34920700e+00]
 [ 1.08552727e+01  3.55947274e-01  1.42874488e+01 -6.57416347e+00
  -6.40143546e+00 -5.46114591e+00 -6.00127370e+00  7.77749659e-01
  -1.66244048e+00 -8.30337994e-01]
 [ 8.70808886e+01 -5.11062415e+00 -1.75786435e+01 -3.11978915e+01
  -7.76720430e-01 -5.40770027e+01  9.08570807e+01  5.96299027e+01
   5.36176519e+00  5.85011478e+01]
 [ 2.00490709e+01 -6.85556347e+00  2.29449586e+01  2.75530778e+00
  -9.06448019e+00  2.11235394e+00 -3.82194912e+00 -1.32210745e+00
   8.23076768e+00  7.78931177e+00]
 [ 1.14992758e+00  5.38377143e+00  4.22326147e+00 -4.89070510e+00
  -3.93674207e-01 -3.26586206e+00  7.94961034e-01 -2.31600257e+00
   7.15544269e-01 -2.52672423e+00]
 [ 3.26814720e+01  1.07013564e+01 -1.71380336e+00  2.46541225e+01
   8.04365170e+00  8.73492382e-01 -8.71475486e+00  9.28555690e+00
  -7.93921808e+00  8.59038722e+00]
 [ 1.64354479e+01  8.08917693e-01  1.69934375e+01 -1.11767851e+01
  -9.32336692e+00 -6.77080699e+00 -7.96047474e+00  3.04435151e+00
  -3.63168487e+00 -1.80819814e+00]
 [-3.06899704e+00  2.87931653e+00  3.75765003e-01 -3.92496112e-01
   1.75048764e+00 -1.18722165e+00  2.06877236e-01 -3.37181849e-01
   5.87587092e-01  3.84374228e-02]
 [ 7.48876186e+00  4.64465690e+00  6.74925745e+00 -9.24248182e-01
  -3.78894469e+00 -1.71694890e+00  3.69153686e+00  1.07641812e+00
  -1.31895258e+00 -8.03953021e-01]
 [-3.58700195e+00  2.45325346e+00  4.83452687e-01 -2.36031555e-01
   1.36504371e+00 -7.68242875e-01 -1.85561640e-02 -3.14989866e-03
  -5.13952841e-01 -4.40002303e-01]
 [ 1.02865515e-01 -2.08002368e+00  2.45635320e+00  4.93155540e+00
   9.46104012e-02  1.27939049e+00  9.61198101e-01  1.28901511e+00
   2.69861186e+00 -2.51318135e+00]
 [-4.01551243e+00  7.39685604e-01 -5.12209753e-01  1.61162405e-02
  -6.07007621e-01 -6.82195413e-01 -2.89371401e-01  3.33695037e+00
  -7.47423662e-01  5.81737275e-01]
 [-6.63147411e-01 -2.88357809e+00  1.39759917e+00  4.10015774e+00
   1.63910873e+00  2.68349262e+00  2.47056272e+00  4.78759872e-01
   2.70780726e+00 -3.08088541e+00]
 [ 7.49894828e+01 -7.87869069e+00  2.98227952e+01 -7.15943652e+00
   7.69563095e+00 -1.19145653e+01 -3.42635542e+00 -1.15175441e+00
  -1.56382579e+00 -1.77788580e+00]
 [ 3.26388901e+00  1.67031655e+01  3.73586106e-01  1.50081645e+00
   1.20504778e-01  3.35949900e+00 -4.75604063e-01 -5.37383345e+00
   5.28088118e-02  4.62504345e+00]
 [ 4.65506158e+00  1.18739118e+01  9.92900434e-01 -3.44278846e-01
  -6.62996885e-01 -2.60041324e+00 -1.48780724e+00 -5.81476550e+00
  -4.44223109e-01  6.46319011e-01]
 [ 3.81114759e+00  1.13018520e+01  5.75251066e-02  2.92001222e+00
  -2.50285222e-01 -4.89988242e-01 -2.13950744e+00 -3.61774583e+00
  -8.24800171e-01  2.52862325e+00]
 [ 1.54795110e+01 -4.14212776e+00 -7.52695430e-01  1.17702827e+01
   2.13542290e+00  2.31417817e-01  4.06113835e+00  3.63070538e+00
   5.24179974e+00 -1.02883916e+01]
 [ 4.83150734e+00  1.14125624e+00  1.51156188e+01 -8.14847660e+00
  -7.99685044e+00 -4.56071432e+00 -7.47308974e+00 -9.92224604e-01
   1.48108157e+00  2.38005531e+00]
 [ 1.50456145e+01  1.50999758e+01 -2.44991275e+00  6.20068064e+00
   4.75353379e-01 -1.11191634e+01  1.18273280e+01 -4.42003988e+00
   7.61440348e+00 -8.59340529e+00]
 [ 5.72110332e+00 -4.63969721e+00  2.58696157e+00  1.13799925e+01
  -1.77828163e+00  3.51078126e+00  6.78888475e-01  4.68017529e+00
   6.07011947e+00 -4.14820960e+00]
 [ 1.68983956e+01  1.51984068e+01  9.62501960e+00  2.09962671e+00
  -3.44007526e+00 -5.11067316e+00 -2.64269866e+00 -9.42118809e+00
   1.49951534e+01  1.28941659e+01]
 [ 4.59988942e+01 -2.07213015e+01  8.84975100e+00 -8.75430553e+00
   2.35209248e+01  1.57790403e-01 -1.41085990e-01  1.13650638e+01
   1.02401689e+01 -4.90692418e+00]
 [-1.30231643e+00  5.83524618e-01  5.60245096e+00 -2.24534516e+00
  -7.90857343e-01 -1.60461663e+00 -2.49109883e+00 -7.67161196e-01
   8.71976473e-01  1.88917155e+00]
 [ 1.15682575e+01  9.22122736e-01  1.00595830e+01 -8.36863059e+00
   4.63662672e+00  1.76961727e+00 -1.19507967e+01 -1.95006761e-01
   2.14620443e+00  7.13798213e+00]
 [ 4.58582813e+00 -2.50618465e+00  1.14609822e+01  1.32740181e+00
  -3.18889489e+00 -4.70164928e-01  3.40858406e+00 -5.51121306e+00
   2.82595859e+00  2.22094960e+00]
 [ 4.35585780e+01  5.23802474e+01 -3.90707374e+00  2.91562487e+01
   8.43318106e+00 -1.37073150e+00 -1.27145913e+01 -2.04791363e+00
  -2.54776587e+01  1.68651297e+01]
 [-3.93588286e+00  1.16250370e+00  2.04759843e+00 -1.33506040e+00
   3.27770844e-01 -1.25036870e+00 -1.18899366e+00  4.01365523e-01
  -1.15786243e-01  2.89965318e-02]
 [ 1.94163415e+01 -2.71791931e+00  1.38565712e+01  1.41639674e+00
  -1.53614063e+01 -9.30937970e-01 -9.35274707e+00  2.17883279e+00
   1.14104217e+01  2.51270878e+00]
 [-1.80422226e+00 -5.07675662e-02  1.51848273e+00  2.64734397e+00
  -2.76557792e-01 -5.65763839e-01  5.83267653e-01  8.66611957e-01
   1.16631157e+00 -1.84744106e+00]
 [ 1.09363426e+01  1.49622023e+00  2.37460725e+01 -4.47782543e+00
  -1.79517580e+01 -6.91790111e+00 -5.81879505e+00 -4.96075349e-01
   2.87285495e+00  8.08290279e+00]
 [-2.09112342e+00 -3.18177959e-01  9.64501198e-01  2.59285181e+00
   9.32582305e-01  3.43259395e-01 -2.79596356e-01  1.90077220e+00
   2.11004787e+00 -1.25508778e+00]
 [ 4.25621202e+01  2.01264251e+01  4.16793599e+00  2.50577641e+01
  -1.09368854e+01 -1.02725231e+01 -2.78568046e+00 -2.93614284e+00
  -9.22919267e+00 -1.54664248e+00]
 [ 3.18783017e-01  3.24699705e+00  4.69184673e-01 -1.08407528e+00
   8.48580706e-01 -3.38896390e+00 -1.81407055e-01 -1.17725154e+00
   1.30687974e+00 -1.94811697e+00]
 [ 2.23705488e+01  2.39677436e+01 -9.69860685e+00  4.79659619e+00
   4.13688454e+00 -2.05565130e+00 -3.02986634e+00 -5.68390519e+00
  -1.77464259e+00  3.25031247e+00]
 [ 1.25325020e+01  2.10832471e+01  2.51780520e+00  4.62764351e+00
  -3.37609464e+00 -1.55867041e+00 -2.30415679e+00 -9.55774714e+00
   8.18487809e-01  6.32811016e+00]
 [ 3.84866359e+01  2.69216812e+01 -7.95989284e-01  2.97148159e+01
  -1.72171921e+01 -1.05768833e+01  9.52934370e-01 -3.86895548e+00
   2.23325730e+01  1.38779273e+01]
 [ 1.36822806e+01 -1.92041749e+00  1.25077601e+00 -8.84142172e-01
   8.03894824e+00 -5.43982215e+00  3.84609866e+00  1.07355487e+00
   1.53705891e+01 -3.10895080e-01]
 [-3.72711841e-01 -2.97129840e+00  1.40214265e+00  4.43025422e+00
   1.30078038e+00  2.67766027e+00  2.24193142e+00  7.89978234e-01
   2.84981635e+00 -3.01127317e+00]
 [ 2.08988620e+01  1.82089683e+01 -7.31621062e-03 -9.00333278e+00
   1.74916017e+00 -1.43936508e+01  7.77846855e+00 -1.12856793e+01
   4.11728010e+00 -1.04598958e+01]
 [-1.09815328e+00  6.15683203e+00 -3.79197486e-01  8.77805098e-01
   1.15141659e+00 -8.57757616e-01 -1.34048308e+00 -1.96402136e+00
  -7.37069844e-01  7.25724842e-01]]
