**********        EVALUATION REPORT     **********
Classifier: SVM
Dimensionality reduction: tSNE, with 2 principal components.
Method to make training data positive: None
Training best score : 0.9779989523310634
Accuracy: 0.7634069400630915
Precision: 0.5827901561364925
Recall: 0.7634069400630915
F-score: 0.6609820375501544

Confusion matrix: 
[[  0 150]
 [  0 484]]

Classification report: 
             precision    recall  f1-score   support

          A       0.00      0.00      0.00       150
          I       0.76      1.00      0.87       484

avg / total       0.58      0.76      0.66       634

Best parameters: 
	C: 142.34750587864576
	cache_size: 200
	class_weight: None
	coef0: 0.0
	decision_function_shape: 'ovr'
	degree: 3
	gamma: 'auto'
	kernel: 'linear'
	max_iter: -1
	probability: False
	random_state: None
	shrinking: True
	tol: 0.001
	verbose: False
Number of support vectors per class: 
[42 43]
Support vectors: 
[[-10.11017036 -14.81045055]
 [ 16.40436363  17.75263405]
 [ -8.06583214  -0.30310309]
 [-10.04523945 -14.98206615]
 [-14.09650135  -0.99112767]
 [ 21.75324059   8.1657114 ]
 [ 15.64835548   8.64565086]
 [ -5.24855375  16.61465073]
 [ 16.39733505  17.73459816]
 [ 14.32210541  -3.68357611]
 [  3.99546504   8.7185173 ]
 [  8.70892048 -17.53681183]
 [-10.62967491 -14.49336338]
 [ 12.5839119   17.08601189]
 [-11.24407768   0.85687548]
 [  0.30469301  12.11366272]
 [ 16.42887306  13.13957119]
 [ 17.22260094   6.49204159]
 [  3.18698692  13.33555126]
 [ -6.06864834  15.2067728 ]
 [ 10.10671043   7.43596649]
 [ -1.95714247  21.67765617]
 [ 14.45505047  17.24032593]
 [ 16.40511322  17.73773003]
 [ 20.42540932   0.17940676]
 [ 21.77884483   8.17721844]
 [ 14.65113544  15.01294136]
 [ -5.25976896   7.64462566]
 [  2.73582172 -24.17895508]
 [  0.40466964 -16.92862701]
 [ 18.2150116    8.28286457]
 [  8.66388798 -17.61998367]
 [  3.49455762  12.80842304]
 [ 16.41581345  17.74818611]
 [ 17.34822273   5.07291174]
 [  2.9834516  -24.08860016]
 [-18.12547493 -68.8108139 ]
 [  6.06809759 -11.9578352 ]
 [ -2.84167981  13.52437973]
 [  2.57201409 -24.25099564]
 [-10.45043659   0.21889812]
 [  7.51779604 -18.31043053]
 [ 58.55721664 -35.01895523]
 [-41.81635284 -50.52885818]
 [-62.0226593   14.96759129]
 [-43.97766495 -68.5697937 ]
 [ -9.09643269  23.0202179 ]
 [-12.79799747  16.48191833]
 [ -5.2875247   19.73295212]
 [-51.00858688 -45.20037079]
 [-23.35099792 -61.81918716]
 [ 13.14236546  15.51363468]
 [  9.79443836  11.91522503]
 [ 13.69814491  12.12106133]
 [ 32.7694931  -65.94952393]
 [-16.70284843  13.69472313]
 [  5.95117283  15.35114288]
 [ 18.09238243  10.47238445]
 [  4.86288118  21.08519936]
 [ -3.9164536   22.59200859]
 [  6.89207649  18.4935894 ]
 [  2.94287491  14.6385479 ]
 [  8.74187756  13.4896183 ]
 [  4.89724636  22.89941978]
 [  6.95518446  10.98681164]
 [ 43.20518112 -60.73842621]
 [ 13.35425854  13.62197208]
 [  4.57492208  13.23356819]
 [  4.4334774   17.10538292]
 [ 17.77026939  12.12487793]
 [  9.56668854  14.42799091]
 [  6.07041407  17.09137917]
 [ 53.08952332 -48.54671097]
 [ -1.23421323  16.36216927]
 [ -2.23697352  17.17620277]
 [ 60.77285004  -6.43066168]
 [  7.75343895  20.10869408]
 [ 14.18069267  10.73280239]
 [ -6.49213934  16.4279232 ]
 [  7.22212601  15.03659248]
 [-31.18091774 -78.50961304]
 [  2.17450452  13.73028755]
 [ 47.64997101 -12.56124687]
 [  9.86164761  15.73987198]
 [ 11.36789894  13.1190834 ]]
