**********        EVALUATION REPORT     **********
Classifier: SVM
Dimensionality reduction: tSNE, with 3 principal components.
Method to make training data positive: None
Training best score : 0.9779989523310634
Accuracy: 0.7634069400630915
Precision: 0.5827901561364925
Recall: 0.7634069400630915
F-score: 0.6609820375501544

Confusion matrix: 
[[  0 150]
 [  0 484]]

Classification report: 
             precision    recall  f1-score   support

          A       0.00      0.00      0.00       150
          I       0.76      1.00      0.87       484

avg / total       0.58      0.76      0.66       634

Best parameters: 
	C: 23.453100448724797
	cache_size: 200
	class_weight: None
	coef0: 0.0
	decision_function_shape: 'ovr'
	degree: 3
	gamma: 'auto'
	kernel: 'linear'
	max_iter: -1
	probability: False
	random_state: None
	shrinking: True
	tol: 0.001
	verbose: False
Number of support vectors per class: 
[42 44]
Support vectors: 
[[  19.00035095   65.94044495    9.93559074]
 [  24.77203178  -78.50637054   18.27630043]
 [  -8.01897621  -64.41000366   25.41348839]
 [  11.25116634   75.38600159    5.1574955 ]
 [  45.7098999   -14.0957613    58.41770935]
 [  43.24026108  -40.81210327   19.779356  ]
 [  38.8272934   -67.36531067   41.08982468]
 [ -15.46029186 -110.68972015   10.3308897 ]
 [  27.32248688  -78.29869843   26.6538353 ]
 [   1.48845255  -55.88149643   70.64826965]
 [  65.84467316  -76.46515656  -30.15411186]
 [  14.99958515   39.68270874  -82.28076172]
 [  20.73972511   71.73253632   -0.21289921]
 [  20.69977951  -95.63755035   36.3788681 ]
 [  20.42485237   -2.51375294   42.07619095]
 [ -24.9101429   -53.90464783  -45.91459656]
 [  45.83388901  -63.86990356   19.40603638]
 [  43.71014404  -49.43112946   35.65711212]
 [ -16.57651138  -56.75959778  -24.94818497]
 [  34.14220428  -17.59706879   84.9045105 ]
 [ -40.85453415   12.07778835  -37.48316193]
 [  -7.17235851  -57.85032272   89.05590057]
 [  13.07692337  -85.90493011   21.38820267]
 [  32.35571289  -74.91953278   23.04434204]
 [  20.69907379   59.46079636  -64.7286377 ]
 [  45.37794495  -47.54309845   19.35647011]
 [  23.68157578  -63.89486694    7.01315498]
 [  -8.68083572  -57.96006012   57.35199738]
 [  30.98544884   40.03173065  -63.90449524]
 [  16.88228035    6.64709091  -62.70033264]
 [  51.36653519  -68.80345154   32.10142899]
 [  19.99780846   42.1727829   -77.43857574]
 [ -11.5218544   -63.62662506  -32.747612  ]
 [  21.68177986  -73.83895111   25.22514915]
 [  32.20185089  -29.36260414   17.54625702]
 [  25.62269211   33.49174118  -69.16182709]
 [  -7.99116325  -62.18292236   -2.40863919]
 [  -6.97689676   54.21205521  -50.14931107]
 [ -16.54309464  -35.88864899  102.40703583]
 [  37.75873184   39.36705017  -66.18005371]
 [  50.0947876    45.14044571   24.67656898]
 [  25.85663033   47.12776184  -68.0561142 ]
 [ 169.45785522  -77.47662354 -207.57641602]
 [   2.35905337 -105.38246918  -31.89216995]
 [  74.37360382  -53.62651062   -1.61628747]
 [  32.82636261  -82.41728973    3.72361684]
 [  44.82267761  -77.99578857  -55.74436951]
 [  59.01309204  -80.57839203   25.92236137]
 [  15.03869057  -44.5064621    68.77082062]
 [ -40.68529892   95.62754822  -21.54277992]
 [  38.41822052  -39.50178909   93.60675812]
 [ -53.41930389    8.27336407   95.97911072]
 [ -42.77642441  -68.76565552   31.21500015]
 [  77.74716187  -40.56121826   34.05809784]
 [ -52.50772858  -29.10032654   89.58003235]
 [  65.54456329   42.56193161  -62.62116241]
 [  24.04341507   80.15804291  -74.91134644]
 [   9.48341751   -6.49209309  102.69313812]
 [ -64.57581329  -40.69290161   75.74053192]
 [  12.44304848   92.44651031  -58.46041107]
 [ -66.38733673   29.05986023   81.28462219]
 [  -7.70323038  -88.09138489   64.0533905 ]
 [ -73.10235596   52.22102737   24.36171532]
 [  34.59314346  -87.93839264   48.60866547]
 [  13.10740566  -61.62187576   83.16086578]
 [ -48.86974335   -4.13075876   77.54177856]
 [  -8.69725132   -2.472332    -67.64894104]
 [  48.70719147   16.59477234 -101.09915161]
 [  33.48666763  -60.07084656   17.11003685]
 [ -44.6015625    10.96066952  -78.24541473]
 [  74.28343201  -66.58428192   36.47876358]
 [  21.53748894  -94.51660919    6.11065912]
 [  13.9432621    36.60672379 -103.61650848]
 [ -29.76576614   30.12204742   92.00931549]
 [ -28.12182045  -86.52230072  -55.99634552]
 [  55.73686218  -70.20515442   51.42319107]
 [  78.79438019   -5.16169262  -82.86333466]
 [  88.1512146   -26.00242043  -31.91479492]
 [  11.0409956    57.58599091  -95.40932465]
 [ -65.71975708  -31.32778358   58.32546997]
 [  80.53749847  -43.2339325   -31.105299  ]
 [ -13.77087879  -57.15207672   42.81167221]
 [ -43.81041718  -60.48179626   43.46615982]
 [  79.72675323   34.05034256  -73.07386017]
 [  57.58274841  -44.23469543   59.32450867]
 [  80.97193909   51.4848938   -54.68731689]]
