**********        EVALUATION REPORT     **********
Classifier: SVM
Dimensionality reduction: tSNE, with 3 principal components.
Method to make training data positive: None
Training best score : 0.9779989523310634
Accuracy: 0.7634069400630915
Precision: 0.5827901561364925
Recall: 0.7634069400630915
F-score: 0.6609820375501544

Confusion matrix: 
[[  0 150]
 [  0 484]]

Classification report: 
             precision    recall  f1-score   support

          A       0.00      0.00      0.00       150
          I       0.76      1.00      0.87       484

avg / total       0.58      0.76      0.66       634

Best parameters: 
	C: 70.400091449256223
	cache_size: 200
	class_weight: None
	coef0: 0.0
	decision_function_shape: 'ovr'
	degree: 3
	gamma: 'auto'
	kernel: 'linear'
	max_iter: -1
	probability: False
	random_state: None
	shrinking: True
	tol: 0.001
	verbose: False
Number of support vectors per class: 
[42 45]
Support vectors: 
[[  4.77820969e+01  -5.75347939e+01  -4.81712646e+01]
 [  6.14411879e+00   7.69977646e+01  -6.49892654e+01]
 [  3.57247353e+00   7.56384420e+00  -4.84537621e+01]
 [  3.74591103e+01  -4.27866592e+01  -5.56978531e+01]
 [  6.83616257e+01   6.48195696e+00  -2.77971601e+00]
 [ -2.48628197e+01   1.05222755e+02  -1.71459656e+01]
 [  1.67886662e+00   1.06525047e+02  -2.87684116e+01]
 [ -1.13516741e+01   6.46292572e+01   3.22868080e+01]
 [  1.02287769e+00   7.65741882e+01  -5.40646858e+01]
 [ -6.37260399e+01  -9.17221527e+01  -1.49038925e+01]
 [  2.07832203e+01   7.42220612e+01  -5.12927666e+01]
 [ -5.98295403e+01  -6.78580933e+01  -3.01212769e+01]
 [  5.57632065e+01  -4.33789825e+01  -4.93518257e+01]
 [  4.28741741e+00   5.79554634e+01  -6.82894363e+01]
 [  6.74466171e+01   1.24877062e+01   4.22934151e+01]
 [ -4.97534256e+01   2.30170498e+01   1.08520422e+01]
 [ -1.30449724e+01   1.05697159e+02  -4.32255821e+01]
 [ -2.12353764e+01   6.81066132e+01  -8.75717316e+01]
 [  3.54572639e+01   4.87672348e+01  -9.14159546e+01]
 [  6.16079750e+01   6.12416744e+00  -5.85234413e+01]
 [ -7.88404312e+01  -5.74804344e+01   1.50822296e+01]
 [  2.11934967e+01   2.96232262e+01  -6.83455276e+01]
 [  1.51186495e+01   6.14573746e+01  -4.45927505e+01]
 [  4.98679209e+00   6.78645477e+01  -5.57289200e+01]
 [ -5.07681084e+01   6.18996582e+01  -7.76417389e+01]
 [ -1.69737568e+01   1.09916512e+02  -2.04876366e+01]
 [  1.95197487e+01   1.06437553e+02  -3.98425484e+01]
 [  1.91879139e+01   9.25906982e+01  -5.76866379e+01]
 [ -4.23290100e+01  -8.78268967e+01  -2.75734100e+01]
 [ -2.97377567e+01  -5.09299736e+01  -1.00822401e+00]
 [ -1.28437352e+00   7.39599075e+01  -8.15034180e+01]
 [ -5.83605232e+01  -7.75959091e+01  -3.24900360e+01]
 [  2.73355465e+01   6.37424202e+01  -8.47655487e+01]
 [ -5.95508528e+00   7.68932419e+01  -6.13135872e+01]
 [ -4.76864624e+01   7.52521439e+01  -6.08996849e+01]
 [ -4.54967690e+01  -8.79113617e+01  -3.86161308e+01]
 [  1.93769131e+01  -9.18905029e+01   6.34123688e+01]
 [ -1.28767977e+01  -7.20589371e+01  -8.21232529e+01]
 [  2.00492496e+01  -1.95837045e+00  -7.45651016e+01]
 [ -3.53118134e+01  -9.43306808e+01  -2.44319649e+01]
 [  6.75051727e+01   5.89005623e+01  -5.11512871e+01]
 [ -4.79969559e+01  -8.03614426e+01  -2.01678219e+01]
 [  4.04018478e+01   2.95344639e+01  -9.13575821e+01]
 [ -1.17463803e+00   1.16019958e+02  -7.16554356e+00]
 [  1.87680359e+01  -5.21139145e+01  -7.87288666e+01]
 [  2.00141327e+02   8.27892380e+01   1.06700172e+02]
 [  3.56865196e+01   1.02394257e+02   8.35771465e+00]
 [ -2.05940228e+01   9.51439743e+01  -5.95970764e+01]
 [  1.60888824e+01   1.10765846e+02  -1.81293049e+01]
 [ -2.81551323e+01   7.62622299e+01  -4.02487984e+01]
 [  9.15058136e+01   6.88781548e+00  -5.84897804e+01]
 [  2.39209232e+01   6.14780960e+01  -6.45893784e+01]
 [ -9.65926895e+01  -5.36998215e+01   1.44562263e+01]
 [  1.77535305e+01  -3.43857880e+01  -1.00602531e+02]
 [ -3.96764679e+01   5.89156227e+01  -6.08037529e+01]
 [ -1.68056221e+01   8.35871811e+01  -7.52123032e+01]
 [ -2.89356041e+01  -1.11774635e+02  -1.65403824e+01]
 [ -6.64703598e+01  -8.07267838e+01   4.90904083e+01]
 [  5.92151146e+01   7.46352921e+01  -4.93747711e+01]
 [ -3.28598571e+00   2.90840683e+01  -7.85990372e+01]
 [  3.07811451e+01  -2.31602249e+01  -1.08895775e+02]
 [  1.19125414e+01  -1.28662357e+01  -1.06820091e+02]
 [ -7.50611305e+00   6.69162750e+01  -4.30211678e+01]
 [ -8.02182999e+01  -2.47349262e+01  -7.59979172e+01]
 [ -9.10646210e+01  -4.22773819e+01   5.56361351e+01]
 [ -6.49565964e+01   8.82449570e+01   1.02771444e+01]
 [ -3.75480614e+01   5.18022156e+00  -9.58731461e+01]
 [ -1.03362875e+01  -9.40621868e-02   9.00411377e+01]
 [ -4.10372772e+01  -5.99044914e+01  -8.59915197e-01]
 [ -1.89454651e+01  -5.09049149e+01   1.05072662e+02]
 [  4.56664772e+01   7.39317932e+01  -6.56535339e+01]
 [ -3.58313026e+01  -8.39922104e+01  -5.78904648e+01]
 [ -4.00757942e+01   7.44919052e+01  -2.64341965e+01]
 [  5.75775490e+01  -8.22943420e+01   4.94117508e+01]
 [ -3.10809879e+01   2.33150597e+01  -6.14139481e+01]
 [ -2.90757923e+01  -1.03344269e+02   3.47709312e+01]
 [  7.49179363e+00   1.74733372e+01  -9.37599182e+01]
 [ -4.46194000e+01  -2.65197163e+01  -4.90534248e+01]
 [  2.56335373e+01   7.83101273e+01  -7.06958542e+01]
 [  4.79557838e+01  -2.64109516e+01  -9.20237732e+01]
 [ -1.77552662e+01   3.31640167e+01  -9.11406479e+01]
 [  1.78675098e+01   8.90356064e+01  -3.97786560e+01]
 [ -2.91219578e+01  -4.47671175e+00  -1.09478973e+02]
 [  3.19593830e+01   1.13452616e+01  -9.94932404e+01]
 [ -7.17611008e+01   2.12512374e+00  -6.62642517e+01]
 [ -1.06602850e+01   3.14100208e+01  -4.52009850e+01]
 [ -1.78279610e+01  -9.68755150e+00  -9.40578232e+01]]
