**********        EVALUATION REPORT     **********
Classifier: SVM
Dimensionality reduction: tSNE, with 1 principal components.
Method to make training data positive: None
Training best score : 0.9779989523310634
Accuracy: 0.7634069400630915
Precision: 0.5827901561364925
Recall: 0.7634069400630915
F-score: 0.6609820375501544

Confusion matrix: 
[[  0 150]
 [  0 484]]

Classification report: 
             precision    recall  f1-score   support

          A       0.00      0.00      0.00       150
          I       0.76      1.00      0.87       484

avg / total       0.58      0.76      0.66       634

Best parameters: 
	C: 112.15825194778822
	cache_size: 200
	class_weight: None
	coef0: 0.0
	decision_function_shape: 'ovr'
	degree: 3
	gamma: 'auto'
	kernel: 'rbf'
	max_iter: -1
	probability: False
	random_state: None
	shrinking: True
	tol: 0.001
	verbose: False
Number of support vectors per class: 
[ 42 114]
Support vectors: 
[[ 4.98373985]
 [-2.61687231]
 [-3.76973391]
 [ 5.06458855]
 [ 0.06856443]
 [-3.35760236]
 [-4.13085938]
 [-4.27009916]
 [-2.80694985]
 [-8.48410225]
 [-4.09850788]
 [ 7.69583607]
 [ 4.97185993]
 [-4.1942606 ]
 [-2.04521537]
 [-5.3646183 ]
 [-3.89572287]
 [-3.76802921]
 [-9.39279461]
 [-4.27007294]
 [-6.41259623]
 [-8.9186039 ]
 [-3.64364767]
 [-2.70909429]
 [ 7.62515593]
 [-3.13944674]
 [-3.89455175]
 [-3.2476685 ]
 [ 7.47581291]
 [ 6.93806839]
 [-3.6592629 ]
 [ 7.69794178]
 [-9.48482132]
 [-2.66488194]
 [-3.93210578]
 [ 7.5265851 ]
 [ 1.38296485]
 [ 4.31720734]
 [-4.27151871]
 [ 7.62825012]
 [-1.7202462 ]
 [ 7.57005453]
 [-2.66465592]
 [ 7.52830744]
 [-4.19364834]
 [-2.74393535]
 [ 7.59510517]
 [-4.1344223 ]
 [-2.65117669]
 [-1.72062743]
 [-3.64049935]
 [-3.36147165]
 [-4.0084548 ]
 [-4.09580278]
 [ 7.53883457]
 [-2.69801569]
 [ 6.96112728]
 [-8.03182125]
 [-1.72179317]
 [-3.1414423 ]
 [-5.54015589]
 [-2.57947993]
 [-1.76564753]
 [-4.27176857]
 [-4.0960412 ]
 [-8.90916824]
 [ 4.32785368]
 [-6.41572428]
 [-4.12097168]
 [-3.75978303]
 [-5.45155621]
 [ 0.09960324]
 [-3.66857338]
 [-2.68281865]
 [-6.41237688]
 [-9.47381306]
 [-4.20276451]
 [-3.85895348]
 [-6.41146421]
 [-4.19685268]
 [-2.61678505]
 [-5.37834549]
 [-4.05303764]
 [ 7.58907032]
 [-9.63416767]
 [-4.27024174]
 [-2.4998765 ]
 [-5.27454233]
 [-9.19561291]
 [-3.27082276]
 [-4.27009392]
 [-5.43409729]
 [ 1.38338363]
 [-1.79521382]
 [ 4.26698923]
 [-6.37945461]
 [-2.43742371]
 [ 5.01995087]
 [ 1.35684204]
 [-2.6004312 ]
 [-3.89133382]
 [-4.26618052]
 [-8.48536682]
 [-2.47860718]
 [ 4.96932745]
 [-3.88803387]
 [-2.75233459]
 [-5.24912786]
 [-3.76400924]
 [-5.36460686]
 [-2.5133121 ]
 [-8.93296242]
 [ 7.48747015]
 [-3.89803314]
 [-2.52798438]
 [ 7.45434523]
 [-2.77042127]
 [-8.48363018]
 [-9.91100407]
 [-8.91405296]
 [-5.28032398]
 [-3.86894679]
 [-2.04517961]
 [-4.27024174]
 [ 4.98183584]
 [-1.73236489]
 [ 6.84477139]
 [-4.44638777]
 [-8.92881298]
 [-3.24758768]
 [-4.33625603]
 [ 0.0577727 ]
 [-6.55423212]
 [-3.6810987 ]
 [-2.71147728]
 [-3.1443789 ]
 [ 1.33917773]
 [-5.25125742]
 [-2.71985793]
 [-9.40522385]
 [-5.26415825]
 [-8.98571873]
 [-3.92800164]
 [-3.77063918]
 [-3.95182514]
 [-5.37403965]
 [-2.62188268]
 [-3.80553794]
 [-2.39574981]
 [ 5.1004324 ]
 [-8.91769981]
 [-2.56945944]
 [-2.8169136 ]
 [ 7.63060236]
 [-6.48327875]
 [ 7.82013988]]
