**********        EVALUATION REPORT     **********
Classifier: SVM
Dimensionality reduction: tSNE, with 2 principal components.
Method to make training data positive: None
Training best score : 0.9779989523310634
Accuracy: 0.7634069400630915
Precision: 0.5827901561364925
Recall: 0.7634069400630915
F-score: 0.6609820375501544

Confusion matrix: 
[[  0 150]
 [  0 484]]

Classification report: 
             precision    recall  f1-score   support

          A       0.00      0.00      0.00       150
          I       0.76      1.00      0.87       484

avg / total       0.58      0.76      0.66       634

Best parameters: 
	C: 117.88525200867726
	cache_size: 200
	class_weight: None
	coef0: 0.0
	decision_function_shape: 'ovr'
	degree: 3
	gamma: 'auto'
	kernel: 'linear'
	max_iter: -1
	probability: False
	random_state: None
	shrinking: True
	tol: 0.001
	verbose: False
Number of support vectors per class: 
[42 45]
Support vectors: 
[[ 18.01956367 -13.96896172]
 [ 21.48819923  27.55657578]
 [ -2.90889096  -1.77196515]
 [ 18.3331852  -14.11779404]
 [-30.24564743  10.46217728]
 [ 18.71660614   6.42824745]
 [ 15.15968323   4.42047596]
 [ -9.55748367   7.84259701]
 [ 21.47157669  27.5450325 ]
 [-13.75992393  29.46657372]
 [  1.08642483  -1.57225776]
 [ 27.10957718  12.64810944]
 [ 18.07443428 -13.26518726]
 [ -4.37378359   1.50556242]
 [-17.48189545   5.33517885]
 [  8.67199421  11.9714756 ]
 [ 14.17772865   6.67693567]
 [  7.96342754   1.53935015]
 [-11.88883495   7.77841616]
 [-14.43267727  22.22694778]
 [ -8.34032726   8.83398819]
 [-16.28573799  19.4491024 ]
 [ 19.96037865  26.12491417]
 [ 21.4651432   27.53934669]
 [ 24.45871544  11.44842148]
 [ 18.73200798   6.41782475]
 [ 15.55964184   6.25047064]
 [-10.00820732  -1.463153  ]
 [ 27.26338768   9.97201633]
 [ 27.34581947  -2.84344268]
 [ 13.44694424   4.59916067]
 [ 27.14564705  12.53020954]
 [-12.1833086    7.84580994]
 [ 21.48241425  27.55498314]
 [ -1.0714916    3.69121075]
 [ 26.49322701  10.01883602]
 [-12.10315418 -24.81244278]
 [ 21.84149361   2.31661153]
 [-17.81009674  16.46179581]
 [ 27.41706085   9.8281517 ]
 [-21.32736969  11.99048996]
 [ 27.10652924  10.96446896]
 [ 93.03359985 -48.52989578]
 [-14.07085514  33.01393127]
 [  2.46138525  24.22396469]
 [ 97.53972626 -36.94241714]
 [ 77.25193024   2.91091728]
 [ 22.66047859  -4.15905666]
 [-24.42386246  12.75167942]
 [-16.01894569  25.02571106]
 [-28.42477989  14.54394245]
 [-16.15170479  28.65968132]
 [ 14.85717583 -74.0550766 ]
 [-11.63678741  18.97806358]
 [ -5.18028927  30.35877419]
 [ -5.95238256  34.37947464]
 [-29.76934624  21.01932907]
 [ 23.40098763  16.46845627]
 [-13.37522984  17.48627281]
 [-28.59064293  -6.66955423]
 [-14.53194427  20.46485519]
 [ -4.00144577  28.88144493]
 [ 72.55188751 -34.209095  ]
 [ 34.97028732  13.24970245]
 [-26.25473213   1.14132404]
 [-28.05724525  18.12079048]
 [-41.3514595  -89.03651428]
 [-20.7383709   29.28935432]
 [-19.52835274  15.63673878]
 [ 84.63039398 -35.40729523]
 [ -0.87234837  30.75563049]
 [  8.08828735  31.3333168 ]
 [  0.23518248  18.47548676]
 [-11.34672356  29.41181183]
 [-35.63642883   3.51637721]
 [ 85.42477417  20.70209694]
 [ 16.12423897  31.09688568]
 [ 45.48933792 -44.71856689]
 [ 14.5031414   19.05517197]
 [ 16.1106987   31.07595253]
 [ 46.73364639 -95.96244812]
 [ -2.94722033  35.00841904]
 [-34.16559601  12.59363174]
 [  9.01506519  20.87304115]
 [  3.82539153  30.53434944]
 [-13.54447269  23.8426342 ]
 [ -1.76960862  32.73457336]]
