**********        EVALUATION REPORT     **********
Classifier: SVM
Dimensionality reduction: tSNE, with 1 principal components.
Method to make training data positive: None
Training best score : 0.9779989523310634
Accuracy: 0.7634069400630915
Precision: 0.5827901561364925
Recall: 0.7634069400630915
F-score: 0.6609820375501544

Confusion matrix: 
[[  0 150]
 [  0 484]]

Classification report: 
             precision    recall  f1-score   support

          A       0.00      0.00      0.00       150
          I       0.76      1.00      0.87       484

avg / total       0.58      0.76      0.66       634

Best parameters: 
	C: 4.6900405774214589
	cache_size: 200
	class_weight: None
	coef0: 0.0
	decision_function_shape: 'ovr'
	degree: 3
	gamma: 'auto'
	kernel: 'rbf'
	max_iter: -1
	probability: False
	random_state: None
	shrinking: True
	tol: 0.001
	verbose: False
Number of support vectors per class: 
[ 42 221]
Support vectors: 
[[  23.33301735]
 [ -12.19245338]
 [   8.48033905]
 [  23.46471024]
 [ -15.24229717]
 [ -10.93629742]
 [ -10.75097275]
 [   6.7067275 ]
 [ -12.17047882]
 [   5.73110676]
 [  -6.40981531]
 [  12.31021881]
 [  23.40953064]
 [ -10.50411415]
 [ -14.48051453]
 [  -1.90135002]
 [ -10.75154686]
 [  -9.790905  ]
 [  -6.63476753]
 [   6.42149401]
 [  -1.90135002]
 [   5.3892231 ]
 [ -11.91290855]
 [ -12.18765259]
 [  11.54495335]
 [ -10.96468544]
 [ -10.74654961]
 [  -6.81337166]
 [  31.92076874]
 [  34.85797882]
 [  -9.93223953]
 [  12.35205078]
 [  -6.54393291]
 [ -12.19793797]
 [  -9.74484921]
 [  32.04024124]
 [ 123.79611969]
 [  11.28246784]
 [   6.22247791]
 [  32.02709961]
 [ -12.56380367]
 [  12.2596817 ]
 [ -26.67472267]
 [  23.32418251]
 [ 108.92005157]
 [   8.46597099]
 [  76.14141846]
 [  42.57517624]
 [  26.33382607]
 [  72.19341278]
 [  -5.37346888]
 [ -14.31809044]
 [  79.42727661]
 [   6.9357233 ]
 [ -18.80341148]
 [  -6.86815548]
 [ -20.49694824]
 [  -6.66613293]
 [ -39.31718826]
 [  87.03868103]
 [  80.25596619]
 [   0.95097673]
 [  50.78912354]
 [  90.62425232]
 [  74.51746368]
 [  75.33196259]
 [  69.94489288]
 [ 100.28141785]
 [  11.55719471]
 [ 128.23918152]
 [  73.72896576]
 [  67.22666931]
 [  32.44999695]
 [  91.58748627]
 [  20.8228569 ]
 [  61.40566254]
 [ -11.09583759]
 [  59.10987091]
 [  48.22662735]
 [ 134.80882263]
 [  86.186203  ]
 [  15.30434418]
 [  88.8349762 ]
 [ 153.90731812]
 [  23.38466454]
 [  77.77921295]
 [ 115.88348389]
 [ 125.24124908]
 [   5.51813507]
 [  -9.74455929]
 [ -10.37662411]
 [   6.70652628]
 [   6.41741323]
 [  11.38362312]
 [   7.14837217]
 [  11.32210922]
 [  95.36148834]
 [  37.28988647]
 [  -0.32834741]
 [ -21.59356308]
 [  -3.98586845]
 [ -36.65101624]
 [  -5.58537626]
 [  85.31802368]
 [  54.07711792]
 [  -6.58009624]
 [  38.19351959]
 [  -6.61246586]
 [ -15.24283409]
 [  -6.58553791]
 [ 138.50622559]
 [ -10.74948597]
 [ 104.52080536]
 [ -28.9952774 ]
 [  94.41172028]
 [  12.29225826]
 [  14.56607342]
 [ 111.18283844]
 [ 114.68652344]
 [  16.54780388]
 [ -11.20176411]
 [  23.35051918]
 [ 129.80276489]
 [   6.22251654]
 [  27.55887604]
 [  39.52799606]
 [  76.96001434]
 [  20.12180901]
 [  66.4078598 ]
 [ 106.69361877]
 [ 133.07926941]
 [   5.72297859]
 [ 117.10310364]
 [ -12.29402924]
 [  42.58160782]
 [  -5.73562431]
 [  84.46240234]
 [  83.59957123]
 [ 102.38944244]
 [ -32.8830986 ]
 [  45.04005051]
 [   5.35220766]
 [  72.96949768]
 [  65.48990631]
 [  -9.75671482]
 [  11.3342514 ]
 [  -9.64219856]
 [ -41.97066879]
 [  -6.70414448]
 [ 107.80760956]
 [  96.32745361]
 [ -14.55704403]
 [ -17.96463203]
 [  53.08927536]
 [   5.75105715]
 [  68.54286194]
 [  93.46755219]
 [  40.29508591]
 [ -10.4055891 ]
 [ 103.45241547]
 [   7.9774518 ]
 [ -12.5584898 ]
 [ -34.39643097]
 [  46.99395752]
 [  92.52490997]
 [  -5.69310713]
 [ 147.46557617]
 [   8.17628479]
 [ 112.34022522]
 [ -10.54938984]
 [ -25.19885445]
 [  81.08802032]
 [  82.76426697]
 [  45.82072449]
 [  -6.46484041]
 [  49.05252457]
 [   3.14919877]
 [  18.86002541]
 [ -24.47859192]
 [ 105.60634613]
 [   8.48659039]
 [  11.69979858]
 [  97.28879547]
 [ -22.58193588]
 [   6.70332384]
 [ -11.8274231 ]
 [ 122.38430786]
 [   2.19638562]
 [ -22.6610508 ]
 [  89.73908234]
 [  56.78574753]
 [ -28.18603134]
 [ 119.64188385]
 [  41.19020844]
 [  52.36016083]
 [   5.94339514]
 [  12.26389885]
 [ -11.09370422]
 [ -12.04074383]
 [   5.43475342]
 [ -37.87807083]
 [ -12.01452923]
 [   8.16095638]
 [  26.31003189]
 [  31.70674133]
 [ -31.44185257]
 [  31.79782867]
 [ 142.62950134]
 [   5.64693451]
 [ 140.49938965]
 [  57.96005249]
 [  64.34861755]
 [   0.97306836]
 [  87.92099762]
 [ -15.45350456]
 [  17.69031715]
 [  55.5184288 ]
 [ 118.31450653]
 [  60.83707809]
 [  -5.64659119]
 [ 131.4145813 ]
 [  34.80521774]
 [  99.22644043]
 [  63.745327  ]
 [ 136.61398315]
 [  -6.40236378]
 [   6.71088076]
 [ -12.30895901]
 [  28.66193962]
 [  71.40209961]
 [  16.37434959]
 [  12.3710804 ]
 [   6.21985197]
 [ -10.69762421]
 [  11.25593472]
 [ 113.50491333]
 [  43.99692154]
 [  62.58358383]
 [ 150.35803223]
 [  78.59388733]
 [  81.9240036 ]
 [  98.23709869]
 [ -12.34696293]
 [  18.94993401]
 [ -19.7236557 ]
 [  50.05989838]
 [   6.60086918]
 [ 144.92704773]
 [  23.57424545]
 [   6.8200593 ]
 [ 101.33325195]
 [ -23.50259018]
 [  34.91136932]
 [ -35.90166092]
 [ 110.04473877]
 [  32.30098343]
 [ -15.37239647]
 [  59.68983459]
 [  -1.90135002]
 [  -1.90135002]
 [  47.64139938]
 [  -1.90135002]
 [ -29.84421539]]
